#all singular values of A
1
0.12761236428030379
0.12183280759717524
0.10565547145578769
0.10064506443507315
0.09594392113031848
0.09232512234414238
0.09118760114084873
0.08695210025377001
0.08445003293666496
0.08040029616965558
0.07929614430847953
0.07698867279418453
0.07566846643125383
0.07476209020039583
0.07295261338226605
0.07201101607443401
0.07014013348516525
0.06751415002876976
0.06666013505254044
0.0634691358521571
0.062208320253256615
0.06147780793435718
0.06050989781792387
0.05883725271680509
0.05640337438049514
0.05555179415559277
0.05385011699779516
0.05118093671905379
0.05086631691597592
0.050510441824269614
0.049368587110802185
0.0480895630563439
0.047689387100204164
0.04717645453111309
0.04588172616510654
0.04531439634530606
0.04452838931723034
0.04424702653056908
0.042839777523241855
0.04220654672215967
0.04120564672200507
0.04087657053286325
0.040581729775802926
0.03883662562502558
0.038335824669943265
0.037082288873986825
0.03683021713617336
0.03629049947974435
0.03474254473864422
0.03400080504768164
0.03345201078841159
0.03284346935805718
0.032617717310907776
0.0319751111616909
0.03063804475413033
0.0301931523464684
0.029784231252809417
0.029187881049875127
0.028731673917329115
0.02851886662323993
0.02803936530605409
0.027719858444808197
0.02660998385940754
0.026235221013362894
0.025820012760693446
0.025656656904519695
0.025196026892623513
0.025115733074039324
0.024593471855754966
0.024320257252658614
0.023923248999663915
0.02364020868909324
0.02325270980991181
0.023022916827901228
0.022852232429709227
0.02251284496867269
0.02221595477581891
0.02210658490964261
0.021841857147134273
0.021579996150478963
0.02148205247494291
0.021137125814280965
0.020985576906860978
0.020962657789021247
0.020569321900330756
0.020512358377782428
0.02007290562233154
0.01997038332012924
0.019746226956061458
0.019727629506034454
0.019601994118870328
0.019522831805580603
0.01929283671944721
0.019091551556526788
0.0188962982009801
0.018800369219843044
0.018677651225334387
0.018511841226909184
0.018420108861915238
0.018274873645913896
0.018191000600313676
0.017920037739391742
0.017859701845068895
0.017678877533504903
0.017580926284121643
0.01753289098427997
0.017332602208239484
0.017213253454587567
0.0171625253617656
0.016959637013055716
0.016875181702028494
0.016812713460748228
0.016746525263109942
0.016548078999390477
0.016519778254247965
0.016363854237731436
0.01631219657282993
0.01619621977518878
0.015995686866515597
0.01590132843953872
0.015782771336557564
0.015755839321062583
0.015636693112708013
0.015572736500631573
0.015424368834134474
0.015303740992215067
0.01525175021712859
0.015079974661563054
0.015014657144274713
0.014846012004958744
0.014808379400511662
0.014680605088238628
0.014628214802984037
0.014599103336405333
0.014448511434672283
0.014418781004828045
0.014270014796266401
0.014162928456124059
0.01409646900806402
0.014018373941013173
0.013948976769487496
0.013874629465448075
0.013847189810703505
0.013715760913617047
0.013666377375344166
0.013542311005675888
0.013462004150846956
0.013382585527682364
0.013316627677320876
0.013215612401239179
0.013151789769353574
0.013054243962753363
0.013024822278686364
0.012947470305177105
0.01288896657764517
0.012826886309891967
0.012785652394424618
0.012698380346966711
0.012680551915534832
0.012649102444651722
0.012594418797676898
0.012510084668157697
0.012372762216751116
0.012347608752483133
0.012285835845855839
0.012194214445056167
0.012153543155592987
0.012115488364879735
0.012088449411526763
0.011999931386941975
0.01191280554427495
0.011831803241892137
0.011790889359927018
0.011689005098313193
0.011641031463982515
0.011598614054178518
0.011539879075662965
0.011514669987627112
0.011468344976885507
0.011402600261719086
0.01135538359884313
0.01134007840434645
0.011237253866058327
0.011227786879060972
0.011171700918288016
0.011058344075867659
0.01101841331321425
0.010992339180960637
0.010946081135646723
0.010918433117104533
0.010896067665324513
0.010850926374369317
0.010813725721695892
0.010747351345543584
0.010685475869741513
0.010646004850965401
0.01056514662746038
0.010535290796543606
0.010506416731067402
0.010447713683646078
0.010395495552631993
0.010382174561437606
0.010282481889133235
0.010266516751373031
0.010226812176375595
0.010176154114050555
0.010167251071628651
0.010125542455659053
0.010080101657106552
0.010053818774478638
0.009966204585155156
0.009956327558256416
0.009904967689429835
0.009861476207946812
0.009813292488244571
0.009802866009359737
0.00974945515940553
0.009720304457051214
0.009655510002119623
0.00962385247585669
0.009558145282585478
0.009532496199922157
0.009492933004436294
0.00944601042295648
0.009437808589370536
0.009426426221160852
0.009398987710137221
0.009330008999851338
0.009312020738626553
0.00928858108392964
0.009233933771860284
0.009216684780471565
0.009199033713032911
0.00914072759255053
0.009103481779044296
0.009057736627948468
0.009033103784289323
0.009001884219237265
0.008984127092854028
0.008938496030922938
0.008927436179974933
0.00890817991349258
0.008858127199569125
0.008855330732333286
0.008820464321822607
0.00877851640535419
0.008757653576008788
0.008705078198469642
0.008699537822672365
0.008677093928686793
0.008607253330341177
0.00858145194090865
0.00856082542080975
0.008538148256998007
0.00852108652087629
0.008467749394871776
0.008448710356267753
0.008389476687482822
0.008373118087608013
0.008355169403491985
0.00833739430535277
0.008295390581839587
0.0082410812576062
0.0082271901844994
0.008213502687470165
0.008186216545001098
0.008173185304275419
0.008151291895692348
0.00809274766876755
0.008070014694332129
0.008048932710474466
0.008031474519908216
0.008001586867480013
0.007973845950471434
0.00794472857321093
0.00791680011849281
0.007901102543339153
0.007868106185136085
0.007837009637092312
0.007805149320358325
0.007769212742124279
0.007741898820318492
0.007723768941736538
0.007692221340842625
0.00766368741882507
0.007644400988109936
0.0076337937675285215
0.007607500042669429
0.007555174127412515
0.007549859856188149
0.007526782776821528
0.007502070058786715
0.007483030403380419
0.0074659900382826805
0.007437093799847883
0.007403639134211406
0.007358370061390956
0.007337550460117959
0.0073249465529929905
0.0072964623341299495
0.0072868157201030565
0.007250029099093198
0.00723563385304464
0.007202925921598002
0.007193318565659783
0.007150624061212283
0.007148916624643528
0.0071348061008166585
0.007130449141184521
0.007082356406085605
0.007058557704547174
0.007037016985278652
0.0070232366079549195
0.006983784220743671
0.006976505161376768
0.006933260834546582
0.006923236510003279
0.006893509959599935
0.006888250456796497
0.006875163868066831
0.006859364359170345
0.00681622649297376
0.006804756464075628
0.006792155829000652
0.006768798820337595
0.006746332919722165
0.006729202171584302
0.006711300555632401
0.006697946835152187
0.006672925219008835
0.006650998262431099
0.00662159307309019
0.006606122486925389
0.0065720421173013875
0.0065504182214611
0.006542738298952609
0.006511545977879744
0.006495488950106383
0.006478383475211336
0.006462289915759825
0.0064413019927893455
0.006422489635117404
0.0064059784954989835
0.006374680230693567
0.006359361566873673
0.006346946946002614
0.006325663537864667
0.0063094830169186395
0.006273012761935049
0.006239640401401598
0.006227865384286812
0.006214475886067482
0.006198786994375828
0.006177440509290851
0.006144690977449732
0.006141819110687861
0.006127228503534582
0.006104256603163376
0.006074111983819267
0.006060530277202797
0.006021048665844156
0.00601026977337462
0.00599844708210068
0.0059708234363965275
0.0059644962224849754
0.005957869184868862
0.005921790347390915
0.005894062262708443
0.0058605447783337435
0.005855755781071631
0.0058350165903099166
0.005820067583270403
0.005806543989353548
0.005772841819367857
0.0057508928424031425
0.005732975975327627
0.005714364440802759
0.0057102239714450255
0.005672286985593604
0.005668255387048636
0.005658999589245206
0.005638316746434526
0.005622671528893517
0.00559400524883864
0.005587014005530894
0.0055602473466653795
0.005551179826269927
0.005517373287290813
0.005510417712504304
0.005484534205712837
0.00547235237585817
0.0054607586191715175
0.005438134436703904
0.005425212004788049
0.005407220790276819
0.005375611225209452
0.005369776039865173
0.0053610305249964406
0.005342154390868703
0.005330529171144707
0.005308048837571136
0.005300801437470435
0.005244678816417239
0.005232433520731294
0.005209033851269839
0.005207734405549544
0.005195380738642774
0.005168149652130416
0.005160262781869456
0.005151158618308766
0.005115018878343346
0.00510138478905885
0.005080952532150289
0.005062274056668894
0.005043223558048491
0.005037236223483788
0.005021458825915123
0.005009245793097451
0.0049970508178116685
0.0049796020916785195
0.004967802568923034
0.004957055682967191
0.004929528589830202
0.004924326376058792
0.004923257302544501
0.00489690662870762
0.004873417633225269
0.004868897562967185
0.004839593145532903
0.004826378428134422
0.004779115365618489
0.004752760136933318
0.004737994260882614
0.004726139820851836
0.004718565620667814
0.004705556155696885
0.004671796025733073
0.004663612285254323
0.004642144683037945
0.004635854065423885
0.004623582597620735
0.004608932694195455
0.004598387003609483
0.004558526802458923
0.004540621464792247
0.004539881512443177
0.004523168831845631
0.004513112785257248
0.004493656880013822
0.0044794745200725395
0.004463006842661416
0.004454478373241718
0.004425158910387387
0.004394838036260835
0.004379823014615656
0.004370826730871676
0.004349978455005865
0.004335301744702574
0.004318879392574684
0.004294518122135731
0.004277046070192752
0.004271895735289967
0.0042537272300865086
0.004233862817474655
0.004230528209666824
0.004198732800894923
0.004189326685871724
0.004180716696803484
0.004171668532141871
0.0041395639682912135
0.004135345199151541
0.004125686119256039
0.004111534798465194
0.0040874309378159225
0.004071536553670431
0.004055744754810606
0.004038042712623185
0.004023113334220834
0.00400964275987801
0.003979886721576662
0.0039664103509194
0.0039524910280345
0.003938632494584526
0.003904167781970305
0.003900924723662372
0.0038919600044614866
0.00386700508852585
0.0038641478554575287
0.003848209944642879
0.003829950171332698
0.00380787221361413
0.0038011651968155456
0.003794142123782952
0.0037713937720152794
0.0037483370668463913
0.0037414968975932176
0.0037258877056893765
0.00371841426637062
0.003702533804463822
0.0036791143803489865
0.0036700021311387924
0.0036556164308734315
0.003615365487911092
0.003608816130786826
0.003593759094295119
0.0035796675814370685
0.003549869053317564
0.003546764358969931
0.003536299061036215
0.0035150752859952248
0.0034876389394208613
0.003482869024977947
0.0034610728048540327
0.003444809341114847
0.0034444182789719474
0.0034119851910389227
0.0033996703458752785
0.0033893771289825085
0.0033552200101236132
0.0033477187856356745
0.0033327943295175856
0.0033138570660894593
0.0033035059986866134
0.0032945058132553147
0.003287786875944487
0.0032662873668660966
0.003252196957572682
0.003230798725085898
0.0032165531534813795
0.0032125712554571984
0.003206116747067779
0.0031783892843911
0.003164156392715481
0.00314530630755172
0.0031119292932624623
0.0031105816340431807
0.0030882391384083273
0.0030587798461729956
0.0030529542954497485
0.0030342560587461355
0.0030192358854468438
0.003001838039602579
0.0029692966931019206
0.0029551014288171987
0.002952518183315769
0.002940057575894732
0.0029184704229131813
0.002888943708795638
0.002881868455960354
0.0028679562759920843
0.002859008192849986
0.002846502865829741
0.002844984907784458
0.0028274864738285443
0.002805861776465186
0.0027967938278720605
0.00278718273507728
0.002771064899341761
0.002754508372885535
0.0027322414428134637
0.002728443159374307
0.002701695989351771
0.002680952958310894
0.0026748063669197325
0.0026658528424238505
0.002648105168324872
0.002638841042118814
0.0026243702608106483
0.00260933903462238
0.0026023352080902108
0.0025812332157693525
0.0025599491602045425
0.002542259010877472
0.0025206712197843257
0.002507160729246197
0.0024956622774259694
0.002477573691071563
0.0024426154499161542
0.002416319732747579
0.0024109321964119294
0.0024073212957206234
0.0023879033628634396
0.0023743296131195613
0.0023676560034604603
0.002335821574876085
0.002327397738496875
0.002289184511112165
0.0022829141354649973
0.0022727656596598102
0.0022566066002877045
0.0022108726391387146
0.0022047018726748984
0.0021979018836424335
0.0021863701955841383
0.002171997480218695
0.0021584800466375215
0.0021566067692671514
0.0021182161373135386
0.0020967256168917103
0.002082397766617002
0.002037969301094668
0.002033653249837691
0.002005274515161695
0.0019879275520616095
0.001980724882840909
0.0019604506585352427
0.001953726194212511
0.0019361140466915775
0.001929406248504327
0.001895805936785865
0.0018812013402370593
0.0018708314840982891
0.001847172331756131
0.0018288838721367098
0.0018193994182231765
0.001783494082710362
0.0017671109422161915
0.0017240167832927196
0.0017114951199501843
0.0016983820496787507
0.0016733203900043561
0.001653274561705213
0.0016410940654474522
0.0016158838248889432
0.0016003580540994468
0.0015871645043855386
0.00157690050596798
0.0015617754633824466
0.0015344507043212065
0.001529504220213868
0.0015133738197441998
0.0014840410873104175
0.001475384789245578
0.0014342229338461393
0.001404716801976905
0.0013781203144076952
0.0013581580588106553
0.0013132678275055972
0.0012820137679051735
0.0012651923859574934
0.0012210850727909434
0.0012095391828366535
0.0011588466667133538
0.0011192951932982207
0.0010965162770061976
0.0010176373194948959
0.0009905214144222915
0.0009321275392452888
0.0008922117763876443
0.000695141822413828
0.0006438177396533542
0.0005604163335608451
0.00041995057510323114
0.0000000000000002719835842538665
0.00000000000000007280324663712251
0.00000000000000005604545934034656
0.000000000000000047233212454886826
0.00000000000000004585771562706326
0.000000000000000043492750727777344
0.00000000000000004264388103031134
0.00000000000000004165912770719059
0.00000000000000004067524015932411
0.00000000000000003980378366809023
0.000000000000000039193265336889366
0.00000000000000003865125254296064
0.00000000000000003815630686395209
0.00000000000000003743133535121526
0.0000000000000000367438912081765
0.000000000000000036653926447133737
0.00000000000000003578933920714295
0.00000000000000003522882758485091
0.000000000000000034545088043561444
0.000000000000000034399119842124084
0.000000000000000033634063192223995
0.00000000000000003333172462621286
0.00000000000000003285755315414396
0.00000000000000003265849385038321
0.000000000000000031923567540488965
0.000000000000000031478267111961866
0.000000000000000031300246650354573
0.000000000000000030585264406430206
0.0000000000000000302323113763715
0.000000000000000029920535531761944
0.0000000000000000295838928951391
0.00000000000000002941380636657578
0.00000000000000002883659321113455
0.0000000000000000282707901197541
0.00000000000000002814884060288871
0.00000000000000002797724318907975
0.000000000000000027769043610280456
0.00000000000000002711965945634144
0.00000000000000002649597672816562
0.000000000000000026028152052176478
0.0000000000000000257034817018285
0.000000000000000025512386375520678
0.000000000000000025334178964631182
0.00000000000000002506336905469166
0.000000000000000024239986329459118
0.000000000000000024091086792610007
0.000000000000000024012169512071523
0.000000000000000023212451820453028
0.000000000000000022930557618118108
0.00000000000000002274370288939071
0.000000000000000022643761700425273
0.000000000000000022120468849173024
0.000000000000000021434941768103032
0.000000000000000020862949406566837
0.000000000000000020660532316114778
0.00000000000000002040074509273901
0.000000000000000020199353230835166
0.000000000000000019795323538558065
0.000000000000000019560629426452215
0.000000000000000019052763330767506
0.00000000000000001852795051979574
0.00000000000000001814422974857277
0.000000000000000018047012245043863
0.00000000000000001772905639188401
0.000000000000000017472845843615124
0.000000000000000017221037971548506
0.000000000000000016791722780425318
0.00000000000000001552131391949617
0.000000000000000013224327073902712
0.00000000000000000000000000000002271069300799935
0.00000000000000000000000000000000000000000000002405705096265816
0.000000000000000000000000000000000000000000000000000000000000023162726724325708
0.00000000000000000000000000000000000000000000000000000000000000000000000000001819622873601651
0.000000000000000000000000000000000000000000000000000000000000000000000000000000000000000000013356364036525955
0.000000000000000000000000000000000000000000000000000000000000000000000000000000000000000000000000000000000011380086616291331
0.000000000000000000000000000000000000000000000000000000000000000000000000000000000000000000000000000000000000000000000000010076744330773939
0.000000000000000000000000000000000000000000000000000000000000000000000000000000000000000000000000000000000000000000000000000000000000000009981356978945857
0.00000000000000000000000000000000000000000000000000000000000000000000000000000000000000000000000000000000000000000000000000000000000000000000000000000000635181558274784
0
0
0
0
0
0
0
0
0
0
0
0
0
0
0
0
0
0
0
0
0
0
0
0
0
0
0
0
0
0
0
0
0
0
0
0
0
0
0
0
0
0
0
0
0
0
0
0
0
0
0
0
